timestamp,open,high,low,close,volume
2026-02-06 12:00:00,0.025,0.02637,0.02078,0.02216,622403108.0
2026-02-06 13:00:00,0.0222,0.02268,0.0207,0.02156,408756534.0
2026-02-06 14:00:00,0.02156,0.02428,0.02133,0.02318,370767233.0
2026-02-06 15:00:00,0.02321,0.02469,0.02212,0.02425,320394895.0
2026-02-06 16:00:00,0.02426,0.02505,0.0232,0.02351,316843392.0
2026-02-06 17:00:00,0.02351,0.02399,0.0221,0.02329,233066007.0
2026-02-06 18:00:00,0.02329,0.02413,0.02306,0.0236,107022289.0
2026-02-06 19:00:00,0.02362,0.0242,0.02302,0.02315,88703378.0
2026-02-06 20:00:00,0.02315,0.02342,0.02253,0.02278,83950905.0
2026-02-06 21:00:00,0.02279,0.0233,0.02264,0.02315,51567186.0
2026-02-06 22:00:00,0.02317,0.02365,0.02277,0.02304,62309934.0
2026-02-06 23:00:00,0.02306,0.02425,0.02299,0.02382,58919422.0
2026-02-07 00:00:00,0.02383,0.0256,0.02189,0.02214,221204400.0
2026-02-07 01:00:00,0.02215,0.02258,0.02123,0.02219,140481808.0
2026-02-07 02:00:00,0.02219,0.02253,0.02106,0.02224,88379630.0
2026-02-07 03:00:00,0.02223,0.02489,0.02214,0.02406,198914140.0
2026-02-07 04:00:00,0.02406,0.02444,0.023,0.02327,95091960.0
2026-02-07 05:00:00,0.02327,0.02362,0.02301,0.02334,66009446.0
2026-02-07 06:00:00,0.02333,0.02362,0.02162,0.0217,127800471.0
2026-02-07 07:00:00,0.0217,0.02327,0.02146,0.02207,143560457.0
2026-02-07 08:00:00,0.02207,0.0223,0.02067,0.02095,138401688.0
2026-02-07 09:00:00,0.02094,0.02113,0.01981,0.0207,153408037.0
2026-02-07 10:00:00,0.0207,0.02124,0.02027,0.02038,78134291.0
2026-02-07 11:00:00,0.02038,0.02042,0.01981,0.02014,109463658.0
2026-02-07 12:00:00,0.02016,0.02073,0.01917,0.01939,143000327.0
2026-02-07 13:00:00,0.01939,0.01953,0.01808,0.019,216785569.0
2026-02-07 14:00:00,0.019,0.01934,0.0183,0.01853,134392162.0
2026-02-07 15:00:00,0.01853,0.01927,0.01847,0.01902,93332818.0
2026-02-07 16:00:00,0.01902,0.02042,0.01863,0.01957,235648285.0
2026-02-07 17:00:00,0.01957,0.02003,0.0187,0.01916,114841330.0
2026-02-07 18:00:00,0.01917,0.01941,0.01883,0.01892,62146586.0
2026-02-07 19:00:00,0.01893,0.01993,0.01876,0.01969,89279257.0
2026-02-07 20:00:00,0.01968,0.01991,0.01901,0.01931,46890065.0
2026-02-07 21:00:00,0.01931,0.01959,0.01905,0.01909,35774909.0
2026-02-07 22:00:00,0.01909,0.01943,0.01851,0.01915,62419274.0
2026-02-07 23:00:00,0.01915,0.01964,0.01883,0.01883,45676535.0
2026-02-08 00:00:00,0.01884,0.01885,0.01668,0.01708,228329852.0
2026-02-08 01:00:00,0.01706,0.01789,0.01698,0.01774,106093255.0
2026-02-08 02:00:00,0.01774,0.01881,0.01715,0.0173,175025774.0
2026-02-08 03:00:00,0.0173,0.01759,0.01721,0.01747,58434953.0
2026-02-08 04:00:00,0.01746,0.01759,0.0165,0.01673,134510920.0
2026-02-08 05:00:00,0.01675,0.0169,0.01629,0.01662,149317085.0
2026-02-08 06:00:00,0.01662,0.01747,0.0165,0.01686,180400439.0
2026-02-08 07:00:00,0.01686,0.01746,0.01667,0.01728,128926339.0
2026-02-08 08:00:00,0.01728,0.01781,0.017,0.01743,143936823.0
2026-02-08 09:00:00,0.01744,0.01777,0.01655,0.01684,189778892.0
2026-02-08 10:00:00,0.01684,0.01697,0.0166,0.01681,93164221.0
2026-02-08 11:00:00,0.01682,0.01728,0.01677,0.01702,74352581.0
2026-02-08 12:00:00,0.01702,0.01706,0.01621,0.01651,160078510.0
2026-02-08 13:00:00,0.01652,0.01653,0.01551,0.01593,241920719.0
2026-02-08 14:00:00,0.01593,0.0162,0.01544,0.01583,166736803.0
2026-02-08 15:00:00,0.01583,0.01598,0.01552,0.01584,150983191.0
2026-02-08 16:00:00,0.01584,0.01619,0.01553,0.01609,153600473.0
2026-02-08 17:00:00,0.01609,0.01679,0.0159,0.01651,145435195.0
2026-02-08 18:00:00,0.01652,0.01716,0.01648,0.01692,133743578.0
2026-02-08 19:00:00,0.01692,0.01862,0.01692,0.01717,296297868.0
2026-02-08 20:00:00,0.01716,0.01784,0.0167,0.01782,107677767.0
2026-02-08 21:00:00,0.01781,0.01795,0.0173,0.01761,83511956.0
2026-02-08 22:00:00,0.01762,0.01764,0.01687,0.01704,66223875.0
2026-02-08 23:00:00,0.01704,0.01775,0.01656,0.01687,148310534.0
2026-02-09 00:00:00,0.01686,0.01768,0.01658,0.01763,127302845.0
2026-02-09 01:00:00,0.01764,0.01794,0.01678,0.01721,156469199.0
2026-02-09 02:00:00,0.01722,0.01742,0.01612,0.01622,98243621.0
2026-02-09 03:00:00,0.01623,0.01666,0.0159,0.01614,143098349.0
2026-02-09 04:00:00,0.01614,0.01628,0.01585,0.01613,90126270.0
2026-02-09 05:00:00,0.01614,0.01618,0.01572,0.01586,74351825.0
2026-02-09 06:00:00,0.01585,0.01648,0.01573,0.01631,100066521.0
2026-02-09 07:00:00,0.01631,0.01686,0.01627,0.01648,121313066.0
2026-02-09 08:00:00,0.01648,0.01696,0.0163,0.01665,79450213.0
2026-02-09 09:00:00,0.01663,0.01725,0.01658,0.01667,105763474.0
2026-02-09 10:00:00,0.01666,0.01769,0.01655,0.01753,116385920.0
2026-02-09 11:00:00,0.01752,0.01766,0.01701,0.01724,112859128.0
2026-02-09 12:00:00,0.01723,0.01759,0.01658,0.01675,153801298.0
2026-02-09 13:00:00,0.01674,0.01802,0.01664,0.01791,168722975.0
2026-02-09 14:00:00,0.0179,0.01958,0.01733,0.01825,516871505.0
2026-02-09 15:00:00,0.01826,0.01897,0.01744,0.0179,279058395.0
2026-02-09 16:00:00,0.0179,0.01843,0.0173,0.01771,187761181.0
2026-02-09 17:00:00,0.01771,0.01799,0.01735,0.0176,153378469.0
2026-02-09 18:00:00,0.01761,0.01784,0.01711,0.01744,78386211.0
2026-02-09 19:00:00,0.01744,0.01773,0.01713,0.01732,52439624.0
2026-02-09 20:00:00,0.01733,0.01762,0.01727,0.01733,43130020.0
2026-02-09 21:00:00,0.01734,0.0177,0.01711,0.01762,39649074.0
2026-02-09 22:00:00,0.01762,0.01783,0.01709,0.0173,46169356.0
2026-02-09 23:00:00,0.01729,0.01768,0.01728,0.01767,48406142.0
2026-02-10 00:00:00,0.01766,0.01769,0.0171,0.01738,86461983.0
2026-02-10 01:00:00,0.01738,0.01767,0.01691,0.01697,68139999.0
2026-02-10 02:00:00,0.01697,0.01733,0.01611,0.01638,154722169.0
2026-02-10 03:00:00,0.01638,0.01663,0.01607,0.01636,96897059.0
2026-02-10 04:00:00,0.01635,0.01698,0.01631,0.01661,96187922.0
2026-02-10 05:00:00,0.01661,0.01664,0.01624,0.0163,57658956.0
2026-02-10 06:00:00,0.0163,0.01646,0.01607,0.01617,77222688.0
2026-02-10 07:00:00,0.01617,0.01646,0.01547,0.01548,157151492.0
2026-02-10 08:00:00,0.01549,0.0156,0.01482,0.01498,200753927.0
2026-02-10 09:00:00,0.01498,0.01502,0.01433,0.01464,233076668.0
2026-02-10 10:00:00,0.01465,0.01542,0.0145,0.01514,219225931.0
2026-02-10 11:00:00,0.01515,0.01521,0.01481,0.01509,105698787.0
2026-02-10 12:00:00,0.01509,0.01522,0.01486,0.01501,82767357.0
2026-02-10 13:00:00,0.01501,0.01508,0.01411,0.01422,220352947.0
2026-02-10 14:00:00,0.01421,0.01467,0.01392,0.01449,277327975.0
2026-02-10 15:00:00,0.01449,0.01489,0.01432,0.01445,169051700.0
2026-02-10 16:00:00,0.01445,0.01465,0.0141,0.01451,138974189.0
2026-02-10 17:00:00,0.01451,0.01455,0.01405,0.01436,74451486.0
2026-02-10 18:00:00,0.01438,0.01451,0.0141,0.01419,84643472.0
2026-02-10 19:00:00,0.0142,0.01439,0.0141,0.01421,69644238.0
2026-02-10 20:00:00,0.01421,0.0145,0.01415,0.01432,75646004.0
2026-02-10 21:00:00,0.01433,0.0145,0.01412,0.01446,63804443.0
2026-02-10 22:00:00,0.01447,0.01478,0.01431,0.01455,61855605.0
2026-02-10 23:00:00,0.01455,0.01524,0.01441,0.01464,115841824.0
2026-02-11 00:00:00,0.01465,0.0149,0.01452,0.0148,82455205.0
2026-02-11 01:00:00,0.0148,0.01518,0.01466,0.01474,78445961.0
2026-02-11 02:00:00,0.01473,0.01491,0.0143,0.01433,90732024.0
2026-02-11 03:00:00,0.01433,0.01466,0.01415,0.01426,86904751.0
2026-02-11 04:00:00,0.01426,0.0144,0.01357,0.01375,148946409.0
2026-02-11 05:00:00,0.01375,0.01416,0.01362,0.01366,115586129.0
2026-02-11 06:00:00,0.01366,0.01376,0.01305,0.01328,212853848.0
2026-02-11 07:00:00,0.01328,0.01476,0.01323,0.01402,280627777.0
2026-02-11 08:00:00,0.01402,0.01539,0.01402,0.01529,183243975.0
2026-02-11 09:00:00,0.01529,0.0155,0.01478,0.01499,194491922.0
2026-02-11 10:00:00,0.01499,0.01503,0.01447,0.01494,118774122.0
2026-02-11 11:00:00,0.01493,0.01504,0.01458,0.01504,76983724.0
2026-02-11 12:00:00,0.01503,0.01527,0.01465,0.01484,83259522.0
2026-02-11 13:00:00,0.01484,0.01617,0.01481,0.01596,137964613.0
2026-02-11 14:00:00,0.01596,0.01687,0.01585,0.01609,221156485.0
2026-02-11 15:00:00,0.01609,0.01737,0.01605,0.01716,199215480.0
2026-02-11 16:00:00,0.01715,0.01733,0.01594,0.01615,177211058.0
2026-02-11 17:00:00,0.01615,0.01637,0.0155,0.01584,97169949.0
2026-02-11 18:00:00,0.01583,0.0159,0.01556,0.0158,56165265.0
2026-02-11 19:00:00,0.0158,0.0161,0.0154,0.01577,59455238.0
2026-02-11 20:00:00,0.01576,0.01648,0.01576,0.01639,81973641.0
2026-02-11 21:00:00,0.01638,0.01664,0.01605,0.01607,46438780.0
2026-02-11 22:00:00,0.01606,0.01614,0.01569,0.01579,43571334.0
2026-02-11 23:00:00,0.01579,0.01598,0.01567,0.01591,52096188.0
2026-02-12 00:00:00,0.0159,0.01731,0.01588,0.0167,128497859.0
2026-02-12 01:00:00,0.0167,0.01675,0.01567,0.01605,90345342.0
2026-02-12 02:00:00,0.01605,0.01638,0.01574,0.01615,68654362.0
2026-02-12 03:00:00,0.01615,0.0177,0.01585,0.01753,133794423.0
2026-02-12 04:00:00,0.01752,0.01942,0.01716,0.01878,351058227.0
2026-02-12 05:00:00,0.01877,0.01916,0.01662,0.01694,334588942.0
2026-02-12 06:00:00,0.01695,0.01759,0.01658,0.01706,145776761.0
2026-02-12 07:00:00,0.01706,0.0173,0.01611,0.01639,122507412.0
2026-02-12 08:00:00,0.0164,0.0166,0.0158,0.0161,89578391.0
2026-02-12 09:00:00,0.0161,0.01621,0.015,0.01525,164630781.0
2026-02-12 10:00:00,0.01525,0.01615,0.01524,0.01585,104740498.0
2026-02-12 11:00:00,0.01585,0.01598,0.01552,0.01562,65962842.0
2026-02-12 12:00:00,0.01562,0.01581,0.01536,0.01554,52672374.0
2026-02-12 13:00:00,0.01554,0.01567,0.01526,0.0156,67697500.0
2026-02-12 14:00:00,0.0156,0.01647,0.0156,0.01608,117614717.0
2026-02-12 15:00:00,0.01607,0.01625,0.0157,0.01588,63344536.0
2026-02-12 16:00:00,0.01589,0.01642,0.01568,0.01625,104878135.0
2026-02-12 17:00:00,0.01624,0.01679,0.01605,0.01651,88063779.0
2026-02-12 18:00:00,0.01652,0.01673,0.01634,0.0165,55385128.0
2026-02-12 19:00:00,0.0165,0.01663,0.01623,0.01632,50278890.0
2026-02-12 20:00:00,0.01632,0.01782,0.01629,0.01674,109354944.0
2026-02-12 21:00:00,0.01674,0.01686,0.01647,0.01658,77648874.0
2026-02-12 22:00:00,0.01657,0.01681,0.0165,0.01675,25588510.0
2026-02-12 23:00:00,0.01675,0.017,0.01639,0.01665,48044048.0
2026-02-13 00:00:00,0.01664,0.01674,0.0159,0.01665,66504573.0
2026-02-13 01:00:00,0.01665,0.01732,0.01651,0.01711,47370328.0
2026-02-13 02:00:00,0.01711,0.01731,0.01687,0.01728,44723309.0
2026-02-13 03:00:00,0.01727,0.01785,0.01709,0.01755,89808347.0
2026-02-13 04:00:00,0.01755,0.01755,0.01677,0.01698,81448671.0
2026-02-13 05:00:00,0.01699,0.01754,0.01693,0.01729,54201466.0
2026-02-13 06:00:00,0.01729,0.01803,0.01706,0.01793,85840638.0
2026-02-13 07:00:00,0.01794,0.01848,0.01777,0.01784,81324310.0
2026-02-13 08:00:00,0.01784,0.01831,0.01761,0.01813,62505730.0
2026-02-13 09:00:00,0.01814,0.0187,0.01798,0.01834,92192061.0
2026-02-13 10:00:00,0.01834,0.01837,0.01781,0.01819,73691091.0
2026-02-13 11:00:00,0.01819,0.01884,0.01802,0.01865,79271805.0
2026-02-13 12:00:00,0.01865,0.01883,0.01817,0.01839,158744685.0
2026-02-13 13:00:00,0.01839,0.01884,0.01812,0.0182,109135882.0
2026-02-13 14:00:00,0.01819,0.01876,0.01784,0.0183,98968335.0
2026-02-13 15:00:00,0.01829,0.01892,0.01828,0.01848,85864146.0
2026-02-13 16:00:00,0.01848,0.01925,0.01834,0.01908,87492038.0
2026-02-13 17:00:00,0.01908,0.01985,0.01875,0.01958,78578632.0
2026-02-13 18:00:00,0.01958,0.02017,0.01925,0.01995,90991900.0
2026-02-13 19:00:00,0.01995,0.02013,0.0191,0.01922,178716441.0
2026-02-13 20:00:00,0.01922,0.01964,0.01879,0.01944,124742895.0
2026-02-13 21:00:00,0.01943,0.01956,0.01908,0.01944,27897989.0
2026-02-13 22:00:00,0.01943,0.01996,0.01924,0.01989,46287059.0
2026-02-13 23:00:00,0.0199,0.02046,0.0197,0.02005,68742241.0
2026-02-14 00:00:00,0.02005,0.02098,0.01971,0.02005,99798753.0
2026-02-14 01:00:00,0.02004,0.02013,0.01934,0.01981,78373339.0
2026-02-14 02:00:00,0.01981,0.02006,0.01913,0.0192,63446965.0
2026-02-14 03:00:00,0.01921,0.01929,0.01883,0.01919,49771209.0
2026-02-14 04:00:00,0.01919,0.01971,0.01883,0.01969,45237862.0
2026-02-14 05:00:00,0.0197,0.01983,0.01918,0.01952,42473950.0
2026-02-14 06:00:00,0.01953,0.0204,0.01907,0.01921,74215748.0
2026-02-14 07:00:00,0.0192,0.01957,0.01896,0.01956,31563091.0
2026-02-14 08:00:00,0.01956,0.02005,0.0194,0.01994,38356532.0
2026-02-14 09:00:00,0.01994,0.02022,0.01892,0.01904,70024891.0
2026-02-14 10:00:00,0.01902,0.01918,0.01763,0.01819,159749596.0
2026-02-14 11:00:00,0.01818,0.01901,0.01801,0.01886,61968055.0
2026-02-14 12:00:00,0.01885,0.01931,0.01865,0.01913,72627985.0
2026-02-14 13:00:00,0.01913,0.0196,0.01898,0.01955,55277435.0
2026-02-14 14:00:00,0.01955,0.02061,0.01937,0.02051,67303247.0
2026-02-14 15:00:00,0.0205,0.02092,0.0198,0.02028,93917469.0
2026-02-14 16:00:00,0.02028,0.02135,0.01998,0.02083,58614019.0
2026-02-14 17:00:00,0.02081,0.02098,0.02043,0.02073,32573367.0
2026-02-14 18:00:00,0.02073,0.02128,0.02047,0.02051,37280461.0
2026-02-14 19:00:00,0.02051,0.02083,0.02011,0.02033,33451777.0
2026-02-14 20:00:00,0.02032,0.02114,0.02014,0.02069,32508705.0
2026-02-14 21:00:00,0.02069,0.02088,0.02049,0.02075,16392130.0
2026-02-14 22:00:00,0.02076,0.02104,0.02043,0.02071,18647657.0
2026-02-14 23:00:00,0.02071,0.0213,0.02062,0.02066,21105659.0
2026-02-15 00:00:00,0.02066,0.02084,0.01981,0.01989,38014534.0
2026-02-15 01:00:00,0.01989,0.02002,0.01917,0.01931,50021578.0
2026-02-15 02:00:00,0.01932,0.02014,0.01907,0.01917,53142958.0
2026-02-15 03:00:00,0.01918,0.01943,0.01853,0.01856,65022268.0
2026-02-15 04:00:00,0.01855,0.01866,0.01783,0.01801,92074446.0
2026-02-15 05:00:00,0.01802,0.01822,0.0177,0.01804,50372236.0
2026-02-15 06:00:00,0.01803,0.01868,0.01796,0.01808,49962677.0
2026-02-15 07:00:00,0.01809,0.01839,0.01755,0.01819,60463374.0
2026-02-15 08:00:00,0.01821,0.01825,0.01682,0.01686,110347637.0
2026-02-15 09:00:00,0.01687,0.0176,0.01673,0.01714,129734867.0
2026-02-15 10:00:00,0.01715,0.01766,0.01703,0.01743,91829110.0
2026-02-15 11:00:00,0.01744,0.0181,0.01741,0.01762,58511241.0
2026-02-15 12:00:00,0.01762,0.0177,0.01684,0.01701,88037485.0
2026-02-15 13:00:00,0.01702,0.01748,0.01677,0.01693,61760644.0
2026-02-15 14:00:00,0.01694,0.01699,0.01627,0.01648,74689134.0
2026-02-15 15:00:00,0.0165,0.01658,0.01617,0.01625,88643828.0
2026-02-15 16:00:00,0.01625,0.01648,0.01611,0.01632,52972608.0
2026-02-15 17:00:00,0.01633,0.01748,0.01628,0.01728,183940538.0
2026-02-15 18:00:00,0.01727,0.01807,0.01721,0.01771,148246396.0
2026-02-15 19:00:00,0.01771,0.01784,0.01756,0.01771,26888020.0
2026-02-15 20:00:00,0.01771,0.01782,0.01712,0.01737,31240680.0
2026-02-15 21:00:00,0.01737,0.01744,0.01688,0.01722,33644579.0
2026-02-15 22:00:00,0.01722,0.01747,0.01704,0.0171,23344358.0
2026-02-15 23:00:00,0.0171,0.01744,0.01696,0.0174,21184347.0
2026-02-16 00:00:00,0.01741,0.01825,0.01723,0.01806,37912118.0
2026-02-16 01:00:00,0.01807,0.01824,0.01727,0.01735,62523814.0
2026-02-16 02:00:00,0.01735,0.01737,0.01646,0.01672,82912827.0
2026-02-16 03:00:00,0.01673,0.01698,0.01607,0.01646,84861326.0
2026-02-16 04:00:00,0.01645,0.01685,0.01617,0.01625,47423852.0
2026-02-16 05:00:00,0.01624,0.0165,0.01579,0.01604,62988221.0
2026-02-16 06:00:00,0.01604,0.01612,0.01571,0.01599,43410157.0
2026-02-16 07:00:00,0.016,0.01698,0.01586,0.01694,84067026.0
2026-02-16 08:00:00,0.01694,0.01737,0.01662,0.01727,84642112.0
2026-02-16 09:00:00,0.01727,0.01736,0.01694,0.01707,45321568.0
2026-02-16 10:00:00,0.01706,0.01746,0.01689,0.01707,24232235.0
2026-02-16 11:00:00,0.01707,0.01727,0.01696,0.01703,22155809.0
2026-02-16 12:00:00,0.01704,0.01732,0.01696,0.01721,20105262.0
2026-02-16 13:00:00,0.0172,0.01724,0.01686,0.01712,27994533.0
2026-02-16 14:00:00,0.01712,0.01776,0.01705,0.01764,43924657.0
2026-02-16 15:00:00,0.01765,0.01781,0.0174,0.01773,31316312.0
2026-02-16 16:00:00,0.01773,0.01825,0.01747,0.01785,74299328.0
2026-02-16 17:00:00,0.01786,0.01787,0.01714,0.01726,36651735.0
2026-02-16 18:00:00,0.01725,0.01732,0.01686,0.0172,38840509.0
2026-02-16 19:00:00,0.0172,0.01765,0.0171,0.01716,22163523.0
2026-02-16 20:00:00,0.01716,0.0172,0.01664,0.01712,26381697.0
2026-02-16 21:00:00,0.01713,0.0173,0.0169,0.017,9659795.0
2026-02-16 22:00:00,0.01701,0.0171,0.0167,0.01682,10708321.0
2026-02-16 23:00:00,0.01683,0.01707,0.0167,0.01702,14106946.0
2026-02-17 00:00:00,0.01703,0.01718,0.01669,0.01687,25924968.0
2026-02-17 01:00:00,0.01688,0.01701,0.01647,0.01671,26926326.0
2026-02-17 02:00:00,0.01671,0.01718,0.01656,0.01687,18636810.0
2026-02-17 03:00:00,0.01687,0.01734,0.01684,0.01702,22420585.0
2026-02-17 04:00:00,0.01702,0.01748,0.01672,0.0173,31355333.0
2026-02-17 05:00:00,0.01729,0.01743,0.01712,0.01721,18697727.0
2026-02-17 06:00:00,0.01721,0.0174,0.01709,0.01723,13412182.0
2026-02-17 07:00:00,0.01722,0.01722,0.01667,0.01683,29744275.0
2026-02-17 08:00:00,0.01683,0.01714,0.01648,0.01668,40350424.0
2026-02-17 09:00:00,0.01668,0.01674,0.01596,0.01605,73273196.0
2026-02-17 10:00:00,0.01605,0.01611,0.01556,0.01577,37524482.0
2026-02-17 11:00:00,0.01577,0.0166,0.01562,0.01651,49394689.0
2026-02-17 12:00:00,0.01651,0.01665,0.01601,0.01608,41976791.0
2026-02-17 13:00:00,0.01609,0.01609,0.01573,0.01578,34771464.0
2026-02-17 14:00:00,0.01579,0.01702,0.01555,0.017,87974970.0
2026-02-17 15:00:00,0.017,0.01754,0.01655,0.01705,83760603.0
2026-02-17 16:00:00,0.01703,0.01727,0.01688,0.01701,22573357.0
2026-02-17 17:00:00,0.01701,0.01716,0.01689,0.017,22473025.0
2026-02-17 18:00:00,0.017,0.0175,0.01699,0.01723,24285701.0
2026-02-17 19:00:00,0.01722,0.0173,0.01707,0.01715,6634264.0
2026-02-17 20:00:00,0.01714,0.01732,0.01704,0.01709,8868688.0
2026-02-17 21:00:00,0.01709,0.01745,0.01707,0.0174,10725781.0
2026-02-17 22:00:00,0.01739,0.01784,0.01729,0.01732,22736091.0
2026-02-17 23:00:00,0.01732,0.01745,0.01709,0.01737,15114119.0
2026-02-18 00:00:00,0.01736,0.01756,0.01726,0.01742,15085610.0
2026-02-18 01:00:00,0.01743,0.01745,0.01716,0.01732,11984598.0
2026-02-18 02:00:00,0.01732,0.01766,0.01704,0.01711,27954954.0
2026-02-18 03:00:00,0.01712,0.01726,0.01656,0.01702,48180403.0
2026-02-18 04:00:00,0.01702,0.01742,0.01696,0.01739,17783259.0
2026-02-18 05:00:00,0.01738,0.01764,0.01704,0.01721,23489635.0
2026-02-18 06:00:00,0.01721,0.01732,0.01699,0.01727,15266475.0
2026-02-18 07:00:00,0.01727,0.01745,0.01713,0.01717,12698445.0
2026-02-18 08:00:00,0.01717,0.01729,0.01664,0.01676,24733891.0
2026-02-18 09:00:00,0.01675,0.01719,0.01629,0.01718,53881205.0
2026-02-18 10:00:00,0.01717,0.01758,0.01713,0.01736,22605112.0
2026-02-18 11:00:00,0.01735,0.01797,0.01711,0.01777,40916851.0
2026-02-18 12:00:00,0.01776,0.01841,0.0176,0.01823,55959045.0
2026-02-18 13:00:00,0.01824,0.01844,0.01781,0.01802,62360372.0
2026-02-18 14:00:00,0.01802,0.01807,0.01661,0.01664,94047677.0
2026-02-18 15:00:00,0.01665,0.01687,0.01544,0.0157,191374581.0
2026-02-18 16:00:00,0.0157,0.01649,0.01547,0.01628,76811069.0
2026-02-18 17:00:00,0.01628,0.01648,0.01608,0.0163,20978599.0
2026-02-18 18:00:00,0.0163,0.01633,0.01586,0.01596,17014077.0
2026-02-18 19:00:00,0.01597,0.01607,0.0158,0.01588,12153534.0
2026-02-18 20:00:00,0.01588,0.01592,0.01564,0.0157,13351040.0
2026-02-18 21:00:00,0.01569,0.01584,0.01554,0.01574,10508615.0
2026-02-18 22:00:00,0.01574,0.01606,0.01567,0.01595,12816880.0
2026-02-18 23:00:00,0.01594,0.01636,0.0158,0.01608,17498956.0
2026-02-19 00:00:00,0.01607,0.01609,0.01567,0.01594,23362527.0
2026-02-19 01:00:00,0.01593,0.01627,0.01567,0.01616,27293353.0
2026-02-19 02:00:00,0.01615,0.0168,0.01585,0.01601,58720018.0
2026-02-19 03:00:00,0.01602,0.01606,0.0152,0.01562,66277453.0
2026-02-19 04:00:00,0.01562,0.01612,0.01546,0.0157,31074099.0
2026-02-19 05:00:00,0.0157,0.01572,0.01516,0.01522,37885910.0
2026-02-19 06:00:00,0.01523,0.01539,0.01505,0.0152,32237847.0
2026-02-19 07:00:00,0.01519,0.01528,0.01463,0.01469,65187009.0
2026-02-19 08:00:00,0.0147,0.0161,0.01467,0.01587,90708014.0
2026-02-19 09:00:00,0.01587,0.01667,0.01573,0.01631,114126716.0
2026-02-19 10:00:00,0.0163,0.01643,0.01582,0.016,47470248.0
2026-02-19 11:00:00,0.01601,0.01616,0.01566,0.01575,40159257.0
2026-02-19 12:00:00,0.01575,0.01649,0.01556,0.0158,70739445.0
2026-02-19 13:00:00,0.0158,0.01601,0.01551,0.01562,39614561.0
2026-02-19 14:00:00,0.01563,0.01568,0.01533,0.0154,36492746.0
2026-02-19 15:00:00,0.0154,0.01557,0.01526,0.01536,22170079.0
2026-02-19 16:00:00,0.01536,0.01737,0.0152,0.01647,273229463.0
2026-02-19 17:00:00,0.01647,0.01654,0.01589,0.01618,93987535.0
2026-02-19 18:00:00,0.01619,0.01633,0.01583,0.01609,42073629.0
2026-02-19 19:00:00,0.01609,0.01615,0.01576,0.01604,23478826.0
2026-02-19 20:00:00,0.01604,0.01631,0.01582,0.01607,24700824.0
2026-02-19 21:00:00,0.01606,0.01621,0.01589,0.0159,20206638.0
2026-02-19 22:00:00,0.01592,0.01606,0.01578,0.0158,12202176.0
2026-02-19 23:00:00,0.0158,0.01599,0.0156,0.01582,20970593.0
2026-02-20 00:00:00,0.01582,0.01613,0.01575,0.01578,15827038.0
2026-02-20 01:00:00,0.01577,0.01612,0.01571,0.01592,21564568.0
2026-02-20 02:00:00,0.01592,0.01604,0.01553,0.0156,28902726.0
2026-02-20 03:00:00,0.01561,0.01585,0.01559,0.01566,16673742.0
2026-02-20 04:00:00,0.01566,0.01581,0.01528,0.01571,42464859.0
2026-02-20 05:00:00,0.01572,0.01585,0.01547,0.01551,23060787.0
2026-02-20 06:00:00,0.01552,0.01553,0.01527,0.01534,17707670.0
2026-02-20 07:00:00,0.01534,0.01542,0.0151,0.01538,25448812.0
2026-02-20 08:00:00,0.01538,0.01604,0.01537,0.01578,62639675.0
2026-02-20 09:00:00,0.01577,0.01605,0.0156,0.01585,50429465.0
2026-02-20 10:00:00,0.01585,0.01597,0.01546,0.01573,25745225.0
2026-02-20 11:00:00,0.01573,0.01574,0.01533,0.01536,24539736.0
2026-02-20 12:00:00,0.01536,0.01583,0.01519,0.01577,26192725.0
2026-02-20 13:00:00,0.01577,0.01663,0.01547,0.01645,101290567.0
2026-02-20 14:00:00,0.01644,0.01696,0.01599,0.01684,90175707.0
2026-02-20 15:00:00,0.01684,0.01709,0.01626,0.0164,73701574.0
2026-02-20 16:00:00,0.01641,0.01696,0.01634,0.0167,37258784.0
2026-02-20 17:00:00,0.0167,0.01694,0.0164,0.01688,24445082.0
2026-02-20 18:00:00,0.01688,0.01695,0.01669,0.0168,21309564.0
2026-02-20 19:00:00,0.01679,0.01705,0.01676,0.01688,15164734.0
2026-02-20 20:00:00,0.01688,0.01734,0.01687,0.01732,26109710.0
2026-02-20 21:00:00,0.01732,0.01736,0.01692,0.01706,21874062.0
2026-02-20 22:00:00,0.01705,0.01706,0.01673,0.01685,15594728.0
2026-02-20 23:00:00,0.01684,0.01706,0.01666,0.01702,19836734.0
2026-02-21 00:00:00,0.01701,0.01726,0.0169,0.0172,16994460.0
2026-02-21 01:00:00,0.01719,0.01744,0.01664,0.01672,39133260.0
2026-02-21 02:00:00,0.01672,0.01683,0.01645,0.01651,23911820.0
2026-02-21 03:00:00,0.01651,0.01694,0.01645,0.01657,20082390.0
2026-02-21 04:00:00,0.01656,0.01685,0.01634,0.01663,30663625.0
2026-02-21 05:00:00,0.01663,0.0167,0.01637,0.01641,16785866.0
2026-02-21 06:00:00,0.01642,0.01653,0.01625,0.01625,14629174.0
2026-02-21 07:00:00,0.01625,0.01641,0.01608,0.01619,21146338.0
2026-02-21 08:00:00,0.01619,0.01658,0.01618,0.01627,23485842.0
2026-02-21 09:00:00,0.01628,0.01658,0.01615,0.01654,24990020.0
2026-02-21 10:00:00,0.01654,0.01662,0.01631,0.01647,15545488.0
2026-02-21 11:00:00,0.01646,0.01696,0.01632,0.01673,31969312.0
2026-02-21 12:00:00,0.01673,0.01716,0.01667,0.01677,40613458.0
2026-02-21 13:00:00,0.01677,0.01704,0.01658,0.01661,34060788.0
2026-02-21 14:00:00,0.01662,0.01667,0.01643,0.0166,27085677.0
2026-02-21 15:00:00,0.0166,0.01668,0.01621,0.01634,26921082.0
2026-02-21 16:00:00,0.01635,0.01657,0.01581,0.01612,68854994.0
2026-02-21 17:00:00,0.01612,0.01678,0.016,0.01637,53679714.0
2026-02-21 18:00:00,0.01637,0.01654,0.01628,0.01636,9079293.0
2026-02-21 19:00:00,0.01636,0.01648,0.01627,0.01632,6055127.0
2026-02-21 20:00:00,0.01633,0.01639,0.01611,0.01614,8386012.0
2026-02-21 21:00:00,0.01614,0.01616,0.01597,0.01607,9972022.0
2026-02-21 22:00:00,0.01607,0.01627,0.01605,0.01625,12196227.0
2026-02-21 23:00:00,0.01625,0.01644,0.01615,0.01625,11246875.0
2026-02-22 00:00:00,0.01624,0.01628,0.01556,0.01591,41647823.0
2026-02-22 01:00:00,0.01591,0.016,0.01565,0.01567,25783179.0
2026-02-22 02:00:00,0.01567,0.01573,0.0154,0.01547,35784935.0
2026-02-22 03:00:00,0.01549,0.01575,0.01522,0.01525,30606033.0
2026-02-22 04:00:00,0.01525,0.01551,0.01515,0.01546,22954854.0
2026-02-22 05:00:00,0.01547,0.0158,0.01544,0.01566,21242415.0
2026-02-22 06:00:00,0.01566,0.01572,0.01536,0.01547,26912103.0
2026-02-22 07:00:00,0.01549,0.01549,0.0152,0.01522,24257571.0
2026-02-22 08:00:00,0.01523,0.01542,0.01507,0.0154,34911060.0
2026-02-22 09:00:00,0.01541,0.01545,0.01514,0.01521,31233874.0
2026-02-22 10:00:00,0.0152,0.01523,0.01501,0.01511,27886185.0
2026-02-22 11:00:00,0.01512,0.01532,0.01504,0.01506,25076843.0
2026-02-22 12:00:00,0.01507,0.01535,0.01495,0.01497,44228863.0
2026-02-22 13:00:00,0.01497,0.01565,0.01473,0.01529,60255566.0
2026-02-22 14:00:00,0.01528,0.01531,0.015,0.01509,22433299.0
2026-02-22 15:00:00,0.01509,0.01515,0.01486,0.01493,22262929.0
2026-02-22 16:00:00,0.01494,0.01496,0.01445,0.01463,43191748.0
2026-02-22 17:00:00,0.01463,0.01473,0.01444,0.01452,36549889.0
2026-02-22 18:00:00,0.01452,0.01466,0.01436,0.01449,25854466.0
2026-02-22 19:00:00,0.0145,0.01486,0.0144,0.01481,29395297.0
2026-02-22 20:00:00,0.01481,0.01501,0.01476,0.01479,18503220.0
2026-02-22 21:00:00,0.01478,0.01505,0.01472,0.01496,9997835.0
2026-02-22 22:00:00,0.01495,0.01555,0.01495,0.01532,40605500.0
2026-02-22 23:00:00,0.01532,0.01539,0.01514,0.01517,10837557.0
2026-02-23 00:00:00,0.01518,0.01523,0.01493,0.01503,30109761.0
2026-02-23 01:00:00,0.01503,0.01521,0.01456,0.01503,66907425.0
2026-02-23 02:00:00,0.01502,0.01583,0.01502,0.01542,78502187.0
2026-02-23 03:00:00,0.01542,0.01615,0.0152,0.01595,89971824.0
2026-02-23 04:00:00,0.01594,0.01608,0.01564,0.01585,36914922.0
2026-02-23 05:00:00,0.01585,0.01611,0.01562,0.01577,47922101.0
2026-02-23 06:00:00,0.01577,0.01589,0.01538,0.01538,36273814.0
2026-02-23 07:00:00,0.01539,0.01551,0.01515,0.0152,27588513.0
2026-02-23 08:00:00,0.01522,0.01564,0.01497,0.01548,44407944.0
2026-02-23 09:00:00,0.01548,0.01604,0.01525,0.0154,56679012.0
2026-02-23 10:00:00,0.0154,0.01568,0.01502,0.01541,43236928.0
2026-02-23 11:00:00,0.01542,0.0171,0.01528,0.01697,190607615.0
2026-02-23 12:00:00,0.01698,0.017,0.01638,0.01664,195797168.0
2026-02-23 13:00:00,0.01663,0.01687,0.01646,0.01679,63578067.0
2026-02-23 14:00:00,0.01679,0.01769,0.01673,0.01708,183784468.0
2026-02-23 15:00:00,0.01708,0.0173,0.01647,0.01668,85377139.0
2026-02-23 16:00:00,0.01669,0.01684,0.01634,0.01658,57193318.0
2026-02-23 17:00:00,0.01659,0.01669,0.01632,0.01649,55269801.0
2026-02-23 18:00:00,0.0165,0.01715,0.01647,0.01704,81681030.0
2026-02-23 19:00:00,0.01704,0.01773,0.01699,0.01755,129534235.0
2026-02-23 20:00:00,0.01755,0.01779,0.017,0.01752,107597814.0
2026-02-23 21:00:00,0.01753,0.01789,0.01724,0.01742,76615845.0
2026-02-23 22:00:00,0.01743,0.01777,0.0173,0.01732,45039345.0
2026-02-23 23:00:00,0.01733,0.01798,0.01731,0.01781,62191949.0
2026-02-24 00:00:00,0.0178,0.01815,0.0174,0.01763,88129714.0
2026-02-24 01:00:00,0.01762,0.0184,0.01758,0.01781,165512959.0
2026-02-24 02:00:00,0.01779,0.0179,0.01624,0.01729,221224320.0
2026-02-24 03:00:00,0.0173,0.01744,0.01706,0.01723,37945757.0
2026-02-24 04:00:00,0.01723,0.01773,0.01703,0.0176,43121064.0
2026-02-24 05:00:00,0.01759,0.01775,0.01693,0.01728,72834906.0
2026-02-24 06:00:00,0.01727,0.01804,0.01716,0.01784,78855794.0
2026-02-24 07:00:00,0.01784,0.01836,0.01776,0.01819,90639759.0
2026-02-24 08:00:00,0.01819,0.01869,0.01784,0.01831,101192034.0
2026-02-24 09:00:00,0.01831,0.01945,0.01815,0.0194,167653066.0
2026-02-24 10:00:00,0.0194,0.01998,0.01885,0.0196,241016383.0
2026-02-24 11:00:00,0.01959,0.02007,0.01831,0.01861,256868654.0
2026-02-24 12:00:00,0.0186,0.01885,0.01751,0.01768,154146624.0
2026-02-24 13:00:00,0.01768,0.01833,0.01764,0.01821,83342203.0
2026-02-24 14:00:00,0.01821,0.01954,0.01815,0.01942,89282074.0
2026-02-24 15:00:00,0.01941,0.01972,0.01851,0.01868,127147303.0
2026-02-24 16:00:00,0.01869,0.01921,0.01854,0.01909,52749409.0
2026-02-24 17:00:00,0.01908,0.01965,0.0189,0.01902,54635910.0
2026-02-24 18:00:00,0.01903,0.01987,0.019,0.01983,43893930.0
2026-02-24 19:00:00,0.01982,0.02026,0.01941,0.0202,52225106.0
2026-02-24 20:00:00,0.0202,0.0203,0.01979,0.02002,35354188.0
2026-02-24 21:00:00,0.02002,0.02031,0.01983,0.02018,37113989.0
2026-02-24 22:00:00,0.02018,0.02045,0.01986,0.02,37293863.0
2026-02-24 23:00:00,0.02,0.02049,0.01969,0.02046,32074187.0
2026-02-25 00:00:00,0.02047,0.0211,0.01993,0.02013,101823436.0
2026-02-25 01:00:00,0.02014,0.02087,0.01976,0.02048,63657843.0
2026-02-25 02:00:00,0.02047,0.02159,0.02036,0.02093,72038666.0
2026-02-25 03:00:00,0.02093,0.02118,0.02015,0.02035,60938299.0
2026-02-25 04:00:00,0.02036,0.02063,0.01998,0.02032,46197242.0
2026-02-25 05:00:00,0.02033,0.02094,0.02006,0.02069,43957334.0
2026-02-25 06:00:00,0.02069,0.02083,0.02012,0.02039,35813662.0
2026-02-25 07:00:00,0.02038,0.02051,0.02,0.02021,31385111.0
2026-02-25 08:00:00,0.02022,0.0203,0.01937,0.0202,59131711.0
2026-02-25 09:00:00,0.02021,0.02108,0.02016,0.02087,47214462.0
2026-02-25 10:00:00,0.02087,0.0212,0.02081,0.02096,32075089.0
2026-02-25 11:00:00,0.02095,0.02188,0.02089,0.02159,48709917.0
2026-02-25 12:00:00,0.02159,0.0227,0.02154,0.02187,121681104.0
2026-02-25 13:00:00,0.02188,0.02235,0.02134,0.02153,84613524.0
2026-02-25 14:00:00,0.02153,0.02186,0.02127,0.02178,38906549.0
2026-02-25 15:00:00,0.02178,0.02365,0.02164,0.02287,133866219.0
2026-02-25 16:00:00,0.02287,0.02307,0.02081,0.02162,123755479.0
2026-02-25 17:00:00,0.02163,0.02246,0.02158,0.02202,52335704.0
2026-02-25 18:00:00,0.02203,0.02233,0.0218,0.022,29351874.0
2026-02-25 19:00:00,0.022,0.02245,0.02199,0.02222,23207916.0
2026-02-25 20:00:00,0.02222,0.02227,0.02182,0.02195,17173670.0
2026-02-25 21:00:00,0.02195,0.02222,0.02173,0.02209,19592438.0
2026-02-25 22:00:00,0.02209,0.02259,0.02208,0.0222,26122135.0
2026-02-25 23:00:00,0.0222,0.0232,0.02212,0.0228,50502775.0
2026-02-26 00:00:00,0.0228,0.02465,0.02274,0.02386,120611607.0
2026-02-26 01:00:00,0.02386,0.02441,0.02289,0.02326,98164082.0
2026-02-26 02:00:00,0.02325,0.02399,0.02251,0.0237,92289114.0
2026-02-26 03:00:00,0.02371,0.02395,0.02217,0.02224,92495503.0
2026-02-26 04:00:00,0.02224,0.02232,0.0204,0.02108,140718124.0
2026-02-26 05:00:00,0.02109,0.02167,0.02061,0.02165,63279277.0
2026-02-26 06:00:00,0.02165,0.02229,0.02148,0.02209,48711534.0
2026-02-26 07:00:00,0.02208,0.02212,0.02087,0.02128,70333933.0
2026-02-26 08:00:00,0.02127,0.02171,0.021,0.02141,40294898.0
2026-02-26 09:00:00,0.02144,0.0217,0.02075,0.02095,36588652.0
2026-02-26 10:00:00,0.02094,0.02134,0.02065,0.0207,26455204.0
2026-02-26 11:00:00,0.0207,0.02075,0.02001,0.02048,57232319.0
2026-02-26 12:00:00,0.02048,0.02101,0.02015,0.02073,36732988.0
2026-02-26 13:00:00,0.02072,0.0209,0.0194,0.01956,122769485.0
2026-02-26 14:00:00,0.01957,0.0199,0.01929,0.01951,45018625.0
2026-02-26 15:00:00,0.01949,0.01998,0.01938,0.01993,36733144.0
2026-02-26 16:00:00,0.01994,0.02082,0.01991,0.02035,54472391.0
2026-02-26 17:00:00,0.02035,0.02088,0.02023,0.02053,25238465.0
2026-02-26 18:00:00,0.02053,0.02071,0.02002,0.02036,19003860.0
2026-02-26 19:00:00,0.02038,0.02052,0.02022,0.02043,8513568.0
2026-02-26 20:00:00,0.02044,0.02052,0.02013,0.02043,8170891.0
2026-02-26 21:00:00,0.02045,0.02086,0.02042,0.02078,17686351.0
2026-02-26 22:00:00,0.02076,0.02101,0.0206,0.0207,10654125.0
2026-02-26 23:00:00,0.02071,0.02126,0.02063,0.02068,24234289.0
2026-02-27 00:00:00,0.02069,0.02187,0.02048,0.02156,43860984.0
2026-02-27 01:00:00,0.02156,0.02215,0.02103,0.02141,29800397.0
2026-02-27 02:00:00,0.02142,0.02219,0.02121,0.02177,23948221.0
2026-02-27 03:00:00,0.02175,0.02194,0.02131,0.02173,19097188.0
2026-02-27 04:00:00,0.02174,0.02225,0.02135,0.02176,37543806.0
2026-02-27 05:00:00,0.02176,0.02177,0.02067,0.02133,38316750.0
2026-02-27 06:00:00,0.02135,0.02161,0.02111,0.02142,13916513.0
2026-02-27 07:00:00,0.02142,0.02158,0.02062,0.02087,26946266.0
2026-02-27 08:00:00,0.02085,0.02089,0.02002,0.02015,41439338.0
2026-02-27 09:00:00,0.02015,0.02035,0.02002,0.02021,10816209.0
2026-02-27 10:00:00,0.02021,0.02031,0.01982,0.02003,19381654.0
2026-02-27 11:00:00,0.02003,0.0206,0.01974,0.02053,22749663.0
2026-02-27 12:00:00,0.02052,0.0211,0.02024,0.02027,26249366.0
2026-02-27 13:00:00,0.02027,0.02057,0.01984,0.02042,23634438.0
2026-02-27 14:00:00,0.02042,0.02042,0.01975,0.01984,21516158.0
2026-02-27 15:00:00,0.01984,0.01996,0.01932,0.01933,28263787.0
2026-02-27 16:00:00,0.01934,0.02002,0.01907,0.01994,53745622.0
2026-02-27 17:00:00,0.01994,0.01996,0.01912,0.01954,35367608.0
2026-02-27 18:00:00,0.01953,0.01958,0.0193,0.01932,8479648.0
2026-02-27 19:00:00,0.01933,0.01994,0.01926,0.01986,9185427.0
2026-02-27 20:00:00,0.01986,0.01987,0.01951,0.01954,4768395.0
2026-02-27 21:00:00,0.01953,0.02,0.01949,0.01995,7008065.0
2026-02-27 22:00:00,0.01994,0.02008,0.01978,0.01991,9390922.0
2026-02-27 23:00:00,0.01992,0.02022,0.01978,0.01992,12261164.0
2026-02-28 00:00:00,0.01991,0.02002,0.01968,0.01998,9135488.0
2026-02-28 01:00:00,0.01998,0.02008,0.01972,0.01981,12050381.0
2026-02-28 02:00:00,0.01981,0.01984,0.01951,0.01955,12348494.0
2026-02-28 03:00:00,0.01954,0.01958,0.01885,0.01921,28018951.0
2026-02-28 04:00:00,0.01921,0.01973,0.01919,0.01943,13249594.0
2026-02-28 05:00:00,0.01943,0.0195,0.01903,0.01915,9599718.0
2026-02-28 06:00:00,0.01916,0.01938,0.01872,0.01894,27726956.0
2026-02-28 07:00:00,0.01895,0.01954,0.01895,0.01913,22424411.0
2026-02-28 08:00:00,0.01913,0.01969,0.01895,0.01925,15076361.0
2026-02-28 09:00:00,0.01925,0.01927,0.01879,0.01902,18706423.0
2026-02-28 10:00:00,0.01902,0.01912,0.01855,0.01877,18276513.0
2026-02-28 11:00:00,0.01878,0.0192,0.01844,0.0188,19419112.0
2026-02-28 12:00:00,0.0188,0.01888,0.01854,0.01872,14458953.0
2026-02-28 13:00:00,0.01872,0.01901,0.01855,0.01869,13103579.0
2026-02-28 14:00:00,0.0187,0.01895,0.01839,0.01888,25209117.0
2026-02-28 15:00:00,0.01889,0.01909,0.01853,0.01855,14257544.0
2026-02-28 16:00:00,0.01855,0.01882,0.01844,0.01879,12477133.0
2026-02-28 17:00:00,0.0188,0.01928,0.01856,0.01887,16015974.0
2026-02-28 18:00:00,0.01886,0.01912,0.0188,0.01892,6924090.0
2026-02-28 19:00:00,0.01893,0.01908,0.01864,0.01867,12414102.0
2026-02-28 20:00:00,0.01866,0.01886,0.01857,0.01878,14500327.0
2026-02-28 21:00:00,0.01878,0.01883,0.01855,0.01856,8150659.0
2026-02-28 22:00:00,0.01858,0.01895,0.01857,0.01882,5783264.0
2026-02-28 23:00:00,0.01883,0.01973,0.01872,0.01957,29296592.0
2026-03-01 00:00:00,0.01957,0.01969,0.01918,0.01931,13720130.0
2026-03-01 01:00:00,0.0193,0.0196,0.01907,0.01924,20908797.0
2026-03-01 02:00:00,0.01924,0.01963,0.01903,0.01908,13340319.0
2026-03-01 03:00:00,0.01907,0.01911,0.01866,0.01882,21218301.0
2026-03-01 04:00:00,0.01882,0.01888,0.01843,0.01864,18107291.0
2026-03-01 05:00:00,0.01864,0.0189,0.0186,0.0187,12788848.0
2026-03-01 06:00:00,0.0187,0.01893,0.01812,0.01829,22560877.0
2026-03-01 07:00:00,0.01829,0.01845,0.01808,0.01819,22376330.0
2026-03-01 08:00:00,0.01819,0.01871,0.01807,0.01834,28389402.0
2026-03-01 09:00:00,0.01835,0.01838,0.01807,0.01807,13196782.0
2026-03-01 10:00:00,0.01809,0.01834,0.01806,0.01815,14460670.0
2026-03-01 11:00:00,0.01815,0.01818,0.01794,0.018,21286034.0
2026-03-01 12:00:00,0.018,0.01816,0.01792,0.018,19811798.0
2026-03-01 13:00:00,0.018,0.01817,0.01795,0.01798,19482922.0
2026-03-01 14:00:00,0.01798,0.01842,0.01782,0.01812,26083630.0
2026-03-01 15:00:00,0.01811,0.0186,0.01804,0.01827,24112236.0
2026-03-01 16:00:00,0.01826,0.0191,0.01825,0.01888,43001269.0
2026-03-01 17:00:00,0.01887,0.01919,0.01863,0.01863,16703374.0
2026-03-01 18:00:00,0.01865,0.01876,0.01843,0.01855,15992069.0
2026-03-01 19:00:00,0.01855,0.01882,0.01842,0.01848,17521420.0
2026-03-01 20:00:00,0.01847,0.01862,0.01828,0.01847,16121737.0
2026-03-01 21:00:00,0.01847,0.01869,0.01842,0.01858,9849705.0
2026-03-01 22:00:00,0.01858,0.01877,0.01845,0.01853,10782667.0
2026-03-01 23:00:00,0.0185,0.01946,0.01847,0.01939,21133187.0
2026-03-02 00:00:00,0.0194,0.01996,0.01917,0.01973,25059034.0
2026-03-02 01:00:00,0.01973,0.01984,0.01926,0.0196,24123778.0
2026-03-02 02:00:00,0.0196,0.01964,0.01899,0.01935,26475307.0
2026-03-02 03:00:00,0.01935,0.01956,0.01911,0.01916,11770765.0
2026-03-02 04:00:00,0.01915,0.01934,0.01864,0.01872,28779322.0
2026-03-02 05:00:00,0.01872,0.01888,0.01867,0.01875,9466353.0
2026-03-02 06:00:00,0.01876,0.01902,0.0187,0.01886,16398685.0
2026-03-02 07:00:00,0.01886,0.0195,0.01886,0.01917,27795369.0
2026-03-02 08:00:00,0.01917,0.01981,0.01858,0.01966,62529158.0
2026-03-02 09:00:00,0.01965,0.01999,0.01927,0.01969,41533326.0
2026-03-02 10:00:00,0.01968,0.01979,0.01915,0.01918,19724729.0
2026-03-02 11:00:00,0.01918,0.01924,0.01898,0.01901,16094750.0
2026-03-02 12:00:00,0.01901,0.01955,0.01855,0.01868,34482240.0
2026-03-02 13:00:00,0.01869,0.01896,0.01838,0.01862,26924333.0
2026-03-02 14:00:00,0.01862,0.01875,0.01833,0.01853,23425826.0
2026-03-02 15:00:00,0.01854,0.01886,0.01841,0.01879,21331437.0
2026-03-02 16:00:00,0.0188,0.01944,0.01865,0.01886,27875292.0
2026-03-02 17:00:00,0.01888,0.01968,0.0188,0.01963,14623600.0
2026-03-02 18:00:00,0.01964,0.01973,0.01908,0.01939,14786913.0
2026-03-02 19:00:00,0.01938,0.01974,0.01926,0.01953,9699119.0
2026-03-02 20:00:00,0.01952,0.01993,0.01946,0.01989,11685923.0
2026-03-02 21:00:00,0.01988,0.0202,0.01962,0.01997,32234014.0
2026-03-02 22:00:00,0.01996,0.02012,0.01956,0.02012,18453335.0
2026-03-02 23:00:00,0.02011,0.02025,0.01982,0.02002,20698256.0
2026-03-03 00:00:00,0.02001,0.02012,0.01951,0.01992,22276193.0
2026-03-03 01:00:00,0.01991,0.02013,0.0197,0.01998,16372708.0
2026-03-03 02:00:00,0.01998,0.02009,0.01969,0.01992,17240210.0
2026-03-03 03:00:00,0.01992,0.0201,0.01971,0.02007,9674742.0
2026-03-03 04:00:00,0.02008,0.02018,0.01979,0.01984,14964784.0
2026-03-03 05:00:00,0.01985,0.02004,0.01916,0.01944,55334184.0
2026-03-03 06:00:00,0.01944,0.01947,0.01903,0.01921,24413278.0
2026-03-03 07:00:00,0.01922,0.01941,0.01894,0.01905,25874699.0
2026-03-03 08:00:00,0.01905,0.01949,0.01886,0.0194,25459755.0
2026-03-03 09:00:00,0.01942,0.02014,0.01942,0.01998,28621452.0
2026-03-03 10:00:00,0.01998,0.02008,0.01955,0.01979,17903401.0
2026-03-03 11:00:00,0.0198,0.02009,0.01974,0.01998,15186342.0
2026-03-03 12:00:00,0.01998,0.02002,0.01943,0.01963,19393343.0
2026-03-03 13:00:00,0.01964,0.02002,0.01964,0.01985,13000636.0
2026-03-03 14:00:00,0.01985,0.02,0.01929,0.01957,33485076.0
2026-03-03 15:00:00,0.01956,0.01957,0.01845,0.01876,38936371.0
2026-03-03 16:00:00,0.01876,0.01905,0.01846,0.01872,38502611.0
2026-03-03 17:00:00,0.01872,0.019,0.01834,0.01867,22033758.0
2026-03-03 18:00:00,0.01867,0.01887,0.0185,0.01863,10453495.0
2026-03-03 19:00:00,0.01863,0.01867,0.01784,0.01806,26906527.0
2026-03-03 20:00:00,0.01807,0.01842,0.01802,0.0183,15944924.0
2026-03-03 21:00:00,0.01828,0.0183,0.01787,0.01797,15077821.0
2026-03-03 22:00:00,0.01797,0.01798,0.01758,0.01776,15148303.0
2026-03-03 23:00:00,0.01777,0.01799,0.01762,0.01789,10770120.0
2026-03-04 00:00:00,0.01789,0.01806,0.01774,0.01789,9033341.0
2026-03-04 01:00:00,0.01788,0.01798,0.0177,0.01775,10945855.0
2026-03-04 02:00:00,0.01776,0.01809,0.01769,0.01784,13246470.0
2026-03-04 03:00:00,0.01783,0.01789,0.01751,0.01773,23781539.0
2026-03-04 04:00:00,0.01771,0.01788,0.01752,0.01764,18096805.0
2026-03-04 05:00:00,0.01765,0.01766,0.0172,0.01749,23740285.0
2026-03-04 06:00:00,0.01749,0.01787,0.01741,0.01761,26522660.0
2026-03-04 07:00:00,0.01761,0.01798,0.01743,0.01776,19122436.0
2026-03-04 08:00:00,0.01776,0.01778,0.01727,0.01729,13817586.0
2026-03-04 09:00:00,0.01729,0.01763,0.01708,0.01723,28058723.0
2026-03-04 10:00:00,0.01724,0.01822,0.01715,0.01786,42271353.0
2026-03-04 11:00:00,0.01787,0.01817,0.01738,0.01741,20392600.0
2026-03-04 12:00:00,0.0174,0.0176,0.0171,0.01736,34795419.0
2026-03-04 13:00:00,0.01737,0.01777,0.01729,0.01764,22043631.0
2026-03-04 14:00:00,0.01765,0.01765,0.01737,0.01739,9694774.0
2026-03-04 15:00:00,0.01739,0.01774,0.0173,0.01773,11105030.0
2026-03-04 16:00:00,0.01773,0.01805,0.01752,0.01758,21150858.0
2026-03-04 17:00:00,0.01759,0.01783,0.0175,0.01766,11782952.0
2026-03-04 18:00:00,0.01767,0.01768,0.01743,0.01756,5563998.0
2026-03-04 19:00:00,0.01755,0.01775,0.01751,0.01759,4655893.0
2026-03-04 20:00:00,0.01759,0.018,0.01755,0.01786,15222126.0
2026-03-04 21:00:00,0.01785,0.0181,0.01773,0.01797,10917920.0
2026-03-04 22:00:00,0.01797,0.01849,0.01786,0.01837,10450111.0
2026-03-04 23:00:00,0.01838,0.01842,0.01797,0.01829,10125282.0
2026-03-05 00:00:00,0.01828,0.01876,0.01814,0.0185,15072307.0
2026-03-05 01:00:00,0.01849,0.01859,0.01828,0.01844,9495818.0
2026-03-05 02:00:00,0.01844,0.01895,0.0183,0.0187,12443605.0
2026-03-05 03:00:00,0.01869,0.02013,0.01868,0.01938,80472215.0
2026-03-05 04:00:00,0.01938,0.01973,0.01905,0.01923,23163821.0
2026-03-05 05:00:00,0.01923,0.01925,0.01866,0.01869,30275570.0
2026-03-05 06:00:00,0.01871,0.01971,0.01869,0.01945,33020848.0
2026-03-05 07:00:00,0.01945,0.0197,0.01892,0.01905,27105584.0
2026-03-05 08:00:00,0.01904,0.01907,0.01826,0.0183,47329819.0
2026-03-05 09:00:00,0.0183,0.0183,0.01786,0.01787,24977055.0
2026-03-05 10:00:00,0.01788,0.01791,0.01723,0.01733,58846476.0
2026-03-05 11:00:00,0.01734,0.01761,0.01703,0.01707,34875074.0
2026-03-05 12:00:00,0.01708,0.01862,0.01671,0.01831,86499438.0
2026-03-05 13:00:00,0.01831,0.01882,0.01746,0.0183,62631160.0
2026-03-05 14:00:00,0.01831,0.01902,0.01756,0.01784,90321447.0
2026-03-05 15:00:00,0.01784,0.01861,0.01738,0.01829,50056023.0
2026-03-05 16:00:00,0.0183,0.01915,0.01825,0.01842,42277801.0
2026-03-05 17:00:00,0.01842,0.01874,0.01825,0.01868,28496137.0
2026-03-05 18:00:00,0.01869,0.01882,0.01768,0.01773,44850522.0
2026-03-05 19:00:00,0.01772,0.01805,0.01751,0.01797,17884627.0
2026-03-05 20:00:00,0.01797,0.01828,0.01794,0.01796,10213212.0
2026-03-05 21:00:00,0.01796,0.01821,0.01788,0.01805,6628023.0
2026-03-05 22:00:00,0.01806,0.01828,0.01804,0.01817,4668797.0
2026-03-05 23:00:00,0.01817,0.01842,0.01778,0.01783,7335765.0
2026-03-06 00:00:00,0.01785,0.01828,0.01759,0.01818,14821239.0
2026-03-06 01:00:00,0.01818,0.01871,0.01816,0.01847,22562121.0
2026-03-06 02:00:00,0.01847,0.0192,0.01842,0.019,27138460.0
2026-03-06 03:00:00,0.019,0.01944,0.01897,0.01907,15785301.0
2026-03-06 04:00:00,0.01906,0.01977,0.019,0.01972,18422219.0
2026-03-06 05:00:00,0.01972,0.01978,0.0192,0.01952,25240855.0
2026-03-06 06:00:00,0.01952,0.01988,0.01948,0.01963,14410233.0
2026-03-06 07:00:00,0.01961,0.02029,0.01947,0.01993,18651869.0
2026-03-06 08:00:00,0.01993,0.02013,0.01954,0.01997,28023907.0
2026-03-06 09:00:00,0.01997,0.02025,0.01965,0.02004,25224855.0
2026-03-06 10:00:00,0.02003,0.02085,0.02002,0.02037,51559672.0
2026-03-06 11:00:00,0.02037,0.02119,0.02022,0.02113,78404760.0
2026-03-06 12:00:00,0.02113,0.02184,0.02042,0.02111,232642058.0
2026-03-06 13:00:00,0.02112,0.02119,0.02043,0.02073,67837676.0
2026-03-06 14:00:00,0.02075,0.02137,0.02059,0.02115,81344751.0
2026-03-06 15:00:00,0.02114,0.02154,0.02084,0.02135,85127357.0
2026-03-06 16:00:00,0.02134,0.02176,0.02088,0.02134,118346649.0
2026-03-06 17:00:00,0.02133,0.02167,0.02095,0.02146,64980623.0
2026-03-06 18:00:00,0.02144,0.02149,0.02025,0.0207,81525784.0
2026-03-06 19:00:00,0.0207,0.02122,0.02067,0.02076,39942401.0
2026-03-06 20:00:00,0.02075,0.02108,0.02054,0.02095,32275307.0
2026-03-06 21:00:00,0.02096,0.02137,0.02086,0.02128,39715158.0
2026-03-06 22:00:00,0.02129,0.02226,0.02103,0.02202,57491400.0
2026-03-06 23:00:00,0.02203,0.0222,0.02172,0.02188,56553414.0
2026-03-07 00:00:00,0.02188,0.02253,0.02142,0.02159,92047756.0
2026-03-07 01:00:00,0.02159,0.02224,0.02153,0.02198,62502306.0
2026-03-07 02:00:00,0.02197,0.02233,0.0219,0.02222,33883841.0
2026-03-07 03:00:00,0.02222,0.0226,0.02171,0.02192,64096197.0
2026-03-07 04:00:00,0.02193,0.02216,0.02163,0.02203,34621322.0
2026-03-07 05:00:00,0.02203,0.02236,0.02171,0.02197,35504572.0
2026-03-07 06:00:00,0.02198,0.0222,0.02111,0.02139,56352205.0
2026-03-07 07:00:00,0.02139,0.02176,0.02067,0.02163,61618942.0
2026-03-07 08:00:00,0.02163,0.02299,0.02159,0.02233,114551366.0
2026-03-07 09:00:00,0.02233,0.02343,0.0223,0.02337,80444503.0
2026-03-07 10:00:00,0.02338,0.02424,0.02267,0.02384,151576031.0
2026-03-07 11:00:00,0.02384,0.0239,0.02245,0.02294,123328425.0
2026-03-07 12:00:00,0.02293,0.02378,0.0229,0.0233,68635924.0
2026-03-07 13:00:00,0.0233,0.02393,0.02313,0.02376,63752042.0
2026-03-07 14:00:00,0.02377,0.02445,0.02356,0.02402,144317413.0
2026-03-07 15:00:00,0.02402,0.02493,0.02378,0.02467,229055213.0
2026-03-07 16:00:00,0.02467,0.02582,0.02441,0.02551,369080406.0
2026-03-07 17:00:00,0.02549,0.02568,0.02382,0.02441,390783861.0
2026-03-07 18:00:00,0.0244,0.02462,0.02364,0.02378,160604673.0
2026-03-07 19:00:00,0.0238,0.02413,0.02363,0.02406,70085543.0
2026-03-07 20:00:00,0.02406,0.02423,0.02338,0.0235,76609313.0
2026-03-07 21:00:00,0.02349,0.02374,0.02326,0.0236,44217949.0
2026-03-07 22:00:00,0.02359,0.02361,0.02296,0.023,46625181.0
2026-03-07 23:00:00,0.02298,0.0231,0.02231,0.02249,61185405.0
2026-03-08 00:00:00,0.02249,0.02267,0.02183,0.0221,69362545.0
2026-03-08 01:00:00,0.02211,0.02226,0.02111,0.02161,89272426.0
2026-03-08 02:00:00,0.02162,0.02261,0.02162,0.02235,91319492.0
2026-03-08 03:00:00,0.02234,0.02295,0.02191,0.02238,57428775.0
2026-03-08 04:00:00,0.02236,0.02244,0.02128,0.02138,55618925.0
2026-03-08 05:00:00,0.02137,0.0232,0.02137,0.02246,81475688.0
2026-03-08 06:00:00,0.02247,0.02297,0.02217,0.02258,44004915.0
2026-03-08 07:00:00,0.02259,0.02265,0.02155,0.02187,69979759.0
2026-03-08 08:00:00,0.02186,0.02202,0.02176,0.02191,15954343.0
2026-03-08 09:00:00,0.02193,0.02234,0.02173,0.0221,22547068.0
2026-03-08 10:00:00,0.02209,0.02264,0.02204,0.02255,23339999.0
2026-03-08 11:00:00,0.02257,0.02327,0.02251,0.02278,49401109.0
2026-03-08 12:00:00,0.0228,0.02289,0.0222,0.02255,39011690.0
2026-03-08 13:00:00,0.02255,0.0226,0.02208,0.02244,21109504.0
2026-03-08 14:00:00,0.02244,0.02315,0.02239,0.02266,34463390.0
2026-03-08 15:00:00,0.02266,0.02301,0.02224,0.02294,27420885.0
2026-03-08 16:00:00,0.02293,0.02294,0.02225,0.02229,39969410.0
2026-03-08 17:00:00,0.02229,0.02294,0.02218,0.02283,33132918.0
2026-03-08 18:00:00,0.02283,0.02414,0.02271,0.02367,75817400.0
2026-03-08 19:00:00,0.02368,0.02397,0.02338,0.02383,21646469.0
2026-03-08 20:00:00,0.02384,0.0241,0.02361,0.02393,17343259.0
2026-03-08 21:00:00,0.02393,0.0241,0.02336,0.02376,17373960.0
2026-03-08 22:00:00,0.02374,0.02394,0.02331,0.02344,24360867.0
2026-03-08 23:00:00,0.02345,0.02366,0.02245,0.02254,31459237.0
2026-03-09 00:00:00,0.02254,0.02309,0.02251,0.023,21733199.0
2026-03-09 01:00:00,0.023,0.02337,0.02252,0.02259,17049850.0
2026-03-09 02:00:00,0.0226,0.02275,0.02221,0.02229,19579634.0
2026-03-09 03:00:00,0.02228,0.02312,0.02213,0.02298,32034625.0
2026-03-09 04:00:00,0.02299,0.02392,0.02299,0.02372,40789233.0
2026-03-09 05:00:00,0.02372,0.02487,0.02369,0.02387,83329389.0
2026-03-09 06:00:00,0.02387,0.02623,0.02373,0.02586,102315597.0
2026-03-09 07:00:00,0.02586,0.02681,0.02531,0.02659,149036531.0
2026-03-09 08:00:00,0.02659,0.02773,0.02551,0.02643,200898660.0
2026-03-09 09:00:00,0.02643,0.02743,0.02523,0.02542,178653097.0
2026-03-09 10:00:00,0.02542,0.02598,0.02385,0.0242,143854950.0
2026-03-09 11:00:00,0.0242,0.02423,0.02246,0.02389,128129129.0
2026-03-09 12:00:00,0.02389,0.02467,0.02274,0.02286,85247819.0
2026-03-09 13:00:00,0.02286,0.02317,0.02172,0.02189,68654138.0
2026-03-09 14:00:00,0.02188,0.02265,0.02185,0.02239,52109243.0
2026-03-09 15:00:00,0.0224,0.02241,0.02151,0.02161,44079049.0
2026-03-09 16:00:00,0.02162,0.02169,0.02065,0.02068,93383510.0
2026-03-09 17:00:00,0.02069,0.0211,0.02032,0.02074,58260144.0
2026-03-09 18:00:00,0.02074,0.02145,0.0199,0.02121,98988108.0
2026-03-09 19:00:00,0.02121,0.02156,0.02065,0.02079,30309241.0
2026-03-09 20:00:00,0.02077,0.02114,0.02062,0.02082,14608893.0
2026-03-09 21:00:00,0.02083,0.02117,0.02052,0.0211,21813659.0
2026-03-09 22:00:00,0.0211,0.02131,0.0208,0.02082,11127195.0
2026-03-09 23:00:00,0.02082,0.02129,0.02069,0.02119,24235674.0
2026-03-10 00:00:00,0.0212,0.02236,0.02118,0.02208,50578991.0
2026-03-10 01:00:00,0.02208,0.0224,0.02167,0.02235,37574991.0
2026-03-10 02:00:00,0.02236,0.0236,0.02225,0.02286,53076229.0
2026-03-10 03:00:00,0.02285,0.02405,0.0228,0.02384,49987910.0
2026-03-10 04:00:00,0.02384,0.025,0.02368,0.02478,68167745.0
2026-03-10 05:00:00,0.02479,0.02524,0.0238,0.0242,48271597.0
2026-03-10 06:00:00,0.0242,0.02531,0.02389,0.02528,38595763.0
2026-03-10 07:00:00,0.02528,0.0258,0.02469,0.02498,59766648.0
2026-03-10 08:00:00,0.02497,0.02558,0.02474,0.02508,40431607.0
2026-03-10 09:00:00,0.02509,0.02717,0.02506,0.02659,100066861.0
2026-03-10 10:00:00,0.02657,0.02735,0.02656,0.0268,51091574.0
2026-03-10 11:00:00,0.0268,0.02703,0.02594,0.02626,59484339.0
2026-03-10 12:00:00,0.02626,0.02636,0.02506,0.02557,60331361.0
2026-03-10 13:00:00,0.02557,0.02597,0.02521,0.02554,39182724.0
2026-03-10 14:00:00,0.02554,0.02641,0.02532,0.02537,53815031.0
2026-03-10 15:00:00,0.02536,0.02632,0.02514,0.02611,43026599.0
2026-03-10 16:00:00,0.02612,0.02644,0.0253,0.02566,58569409.0
2026-03-10 17:00:00,0.02568,0.0262,0.02542,0.02613,36398491.0
2026-03-10 18:00:00,0.02613,0.02734,0.02587,0.02724,64296522.0
2026-03-10 19:00:00,0.02725,0.02771,0.02684,0.02715,88997482.0
2026-03-10 20:00:00,0.02716,0.0281,0.02691,0.02782,90089860.0
2026-03-10 21:00:00,0.02781,0.02821,0.02728,0.02785,88059149.0
2026-03-10 22:00:00,0.02785,0.02831,0.02742,0.02795,87272467.0
2026-03-10 23:00:00,0.02795,0.02884,0.02729,0.02768,127130663.0
2026-03-11 00:00:00,0.02768,0.0283,0.02737,0.02813,74782755.0
2026-03-11 01:00:00,0.02814,0.02832,0.02693,0.02723,71452361.0
2026-03-11 02:00:00,0.02723,0.02747,0.02589,0.02679,96179749.0
2026-03-11 03:00:00,0.02677,0.02798,0.02645,0.02756,76720055.0
2026-03-11 04:00:00,0.02757,0.02806,0.02724,0.0273,41504928.0
2026-03-11 05:00:00,0.0273,0.0285,0.02694,0.02818,50701622.0
2026-03-11 06:00:00,0.02818,0.02863,0.02777,0.02852,60675879.0
2026-03-11 07:00:00,0.02852,0.0292,0.02842,0.02879,102197090.0
2026-03-11 08:00:00,0.02878,0.02962,0.02854,0.02898,84545011.0
2026-03-11 09:00:00,0.02898,0.02922,0.02812,0.02829,47547201.0
2026-03-11 10:00:00,0.02829,0.02834,0.02736,0.02764,63259213.0
2026-03-11 11:00:00,0.02763,0.02785,0.02692,0.02756,51329927.0
2026-03-11 12:00:00,0.02756,0.0279,0.02674,0.02694,44482751.0
2026-03-11 13:00:00,0.02695,0.0278,0.02693,0.02726,34098398.0
2026-03-11 14:00:00,0.02726,0.02875,0.02713,0.02834,46238126.0
2026-03-11 15:00:00,0.02834,0.02863,0.02779,0.02785,41950194.0
2026-03-11 16:00:00,0.02785,0.02858,0.02748,0.02855,38927889.0
2026-03-11 17:00:00,0.02855,0.02861,0.028,0.02806,25412109.0
2026-03-11 18:00:00,0.02805,0.02858,0.02786,0.02841,23096592.0
2026-03-11 19:00:00,0.02842,0.02928,0.02806,0.02911,28028039.0
2026-03-11 20:00:00,0.02911,0.02921,0.02851,0.02884,17700627.0
2026-03-11 21:00:00,0.02885,0.02929,0.02874,0.02904,15051063.0
2026-03-11 22:00:00,0.02904,0.0294,0.02867,0.02922,19883477.0
2026-03-11 23:00:00,0.02922,0.02931,0.02836,0.02848,24609275.0
2026-03-12 00:00:00,0.02846,0.02933,0.02846,0.02886,26620674.0
2026-03-12 01:00:00,0.02884,0.02992,0.02866,0.0296,45972672.0
2026-03-12 02:00:00,0.0296,0.03106,0.02943,0.03038,91137868.0
2026-03-12 03:00:00,0.03037,0.03075,0.02976,0.03038,52292635.0
2026-03-12 04:00:00,0.03038,0.03194,0.02982,0.03108,95603454.0
2026-03-12 05:00:00,0.03109,0.03114,0.03019,0.03091,48070058.0
2026-03-12 06:00:00,0.03091,0.03138,0.03014,0.03031,37873643.0
2026-03-12 07:00:00,0.03032,0.03092,0.02957,0.02993,53539116.0
2026-03-12 08:00:00,0.02992,0.03021,0.02875,0.03009,64544970.0
2026-03-12 09:00:00,0.03011,0.03037,0.0288,0.0291,54330177.0
2026-03-12 10:00:00,0.02909,0.02924,0.02769,0.02814,64302994.0
2026-03-12 11:00:00,0.02814,0.02868,0.02764,0.02799,30291849.0
2026-03-12 12:00:00,0.028,0.02839,0.02761,0.02819,28371216.0
2026-03-12 13:00:00,0.0282,0.02822,0.0262,0.02655,86055506.0
2026-03-12 14:00:00,0.02656,0.02876,0.02635,0.02863,59694798.0
2026-03-12 15:00:00,0.02863,0.03087,0.02829,0.03042,91938696.0
2026-03-12 16:00:00,0.03041,0.03153,0.02982,0.0301,111928885.0
2026-03-12 17:00:00,0.0301,0.03182,0.02983,0.0317,46405381.0
2026-03-12 18:00:00,0.03169,0.03328,0.03116,0.03259,62075248.0
2026-03-12 19:00:00,0.03261,0.03282,0.0316,0.03259,48407320.0
2026-03-12 20:00:00,0.03259,0.0328,0.0319,0.03272,38356980.0
2026-03-12 21:00:00,0.03272,0.03446,0.03236,0.03414,85322421.0
2026-03-12 22:00:00,0.03415,0.03502,0.03297,0.0334,130927639.0
2026-03-12 23:00:00,0.0334,0.03425,0.03291,0.03341,68871298.0
2026-03-13 00:00:00,0.03341,0.034,0.03308,0.03372,46140648.0
2026-03-13 01:00:00,0.03371,0.03466,0.03338,0.03351,61643778.0
2026-03-13 02:00:00,0.03351,0.03367,0.03253,0.0329,57485405.0
2026-03-13 03:00:00,0.03291,0.03345,0.03239,0.03253,36024962.0
2026-03-13 04:00:00,0.03253,0.03313,0.0314,0.03258,79633246.0
2026-03-13 05:00:00,0.03259,0.03401,0.03216,0.03386,42127985.0
2026-03-13 06:00:00,0.03385,0.03491,0.03351,0.03368,60138177.0
2026-03-13 07:00:00,0.03368,0.0342,0.03254,0.03405,51625105.0
2026-03-13 08:00:00,0.03405,0.03627,0.03351,0.03493,111236924.0
2026-03-13 09:00:00,0.03494,0.0355,0.034,0.03433,83983052.0
2026-03-13 10:00:00,0.03435,0.0345,0.032,0.0327,106116526.0
2026-03-13 11:00:00,0.03269,0.03291,0.03141,0.03153,43531224.0
2026-03-13 12:00:00,0.03153,0.03201,0.0309,0.03175,43408069.0
2026-03-13 13:00:00,0.03172,0.03245,0.03125,0.03134,43306083.0
2026-03-13 14:00:00,0.03134,0.03145,0.03017,0.03085,65426105.0
2026-03-13 15:00:00,0.03086,0.03109,0.03007,0.03018,35415410.0
2026-03-13 16:00:00,0.03017,0.0302,0.02881,0.02884,65660069.0
2026-03-13 17:00:00,0.02886,0.03077,0.02829,0.03011,81770584.0
2026-03-13 18:00:00,0.03011,0.0302,0.02891,0.02917,33797263.0
2026-03-13 19:00:00,0.02918,0.02933,0.02863,0.02875,19328416.0
2026-03-13 20:00:00,0.02876,0.02884,0.02724,0.02765,39019861.0
2026-03-13 21:00:00,0.02766,0.02817,0.02708,0.02743,48793082.0
2026-03-13 22:00:00,0.02744,0.02905,0.02731,0.02824,50415860.0
2026-03-13 23:00:00,0.02823,0.02838,0.0276,0.02761,26101751.0
2026-03-14 00:00:00,0.02762,0.02976,0.0276,0.0289,51183919.0
2026-03-14 01:00:00,0.02891,0.02934,0.0283,0.02869,30740365.0
2026-03-14 02:00:00,0.0287,0.02955,0.02857,0.02941,29722465.0
2026-03-14 03:00:00,0.02941,0.03027,0.02923,0.03006,28957191.0
2026-03-14 04:00:00,0.03005,0.03037,0.02946,0.0296,25950311.0
2026-03-14 05:00:00,0.02959,0.02965,0.02886,0.02953,23079034.0
2026-03-14 06:00:00,0.02952,0.02984,0.02912,0.02939,11466042.0
2026-03-14 07:00:00,0.02939,0.02948,0.02878,0.02925,16041789.0
2026-03-14 08:00:00,0.02926,0.0294,0.02856,0.0286,18224874.0
2026-03-14 09:00:00,0.0286,0.03024,0.02842,0.02999,36393700.0
2026-03-14 10:00:00,0.03,0.03022,0.02966,0.03018,19142874.0
2026-03-14 11:00:00,0.0302,0.03022,0.02936,0.02951,16946151.0
2026-03-14 12:00:00,0.02952,0.03008,0.02939,0.02998,14637664.0
2026-03-14 13:00:00,0.02998,0.02999,0.0294,0.0297,20195017.0
2026-03-14 14:00:00,0.0297,0.03098,0.02953,0.03008,36995029.0
2026-03-14 15:00:00,0.03008,0.03044,0.02963,0.03016,17493997.0
2026-03-14 16:00:00,0.03017,0.03098,0.03001,0.03085,27756229.0
2026-03-14 17:00:00,0.03086,0.03144,0.03032,0.03046,33158315.0
2026-03-14 18:00:00,0.03047,0.03088,0.0301,0.03038,20907145.0
2026-03-14 19:00:00,0.03037,0.03136,0.03033,0.03123,21984624.0
2026-03-14 20:00:00,0.03122,0.03213,0.03096,0.03125,48398034.0
2026-03-14 21:00:00,0.03124,0.03222,0.03124,0.03178,36218231.0
2026-03-14 22:00:00,0.03177,0.03239,0.03116,0.03147,32210888.0
2026-03-14 23:00:00,0.03144,0.03168,0.0305,0.0308,25507637.0
2026-03-15 00:00:00,0.03081,0.03103,0.02961,0.02976,34289813.0
2026-03-15 01:00:00,0.02975,0.0307,0.02926,0.03044,37640106.0
2026-03-15 02:00:00,0.03045,0.03072,0.02881,0.02917,35815041.0
2026-03-15 03:00:00,0.02919,0.02929,0.02807,0.02818,39933007.0
2026-03-15 04:00:00,0.02818,0.02935,0.02756,0.0289,51636934.0
2026-03-15 05:00:00,0.0289,0.0295,0.02861,0.02927,22361790.0
2026-03-15 06:00:00,0.02927,0.0299,0.02879,0.02882,25884915.0
2026-03-15 07:00:00,0.02883,0.02892,0.02777,0.02798,31099552.0
2026-03-15 08:00:00,0.02799,0.02882,0.02787,0.02879,28084357.0
2026-03-15 09:00:00,0.02879,0.02917,0.02828,0.0286,19148048.0
2026-03-15 10:00:00,0.0286,0.02912,0.02845,0.02875,10769465.0
2026-03-15 11:00:00,0.02875,0.02914,0.02846,0.02894,9845210.0
2026-03-15 12:00:00,0.02895,0.02912,0.0279,0.02802,22461709.0
2026-03-15 13:00:00,0.02802,0.02854,0.02733,0.02819,32919832.0
